P 0
12.689730   12.230359
12.229872   12.111371
12.110884   11.951908
11.121921   10.968797
10.968309   10.858587
10.858100   10.649871
10.649383   10.461149
10.460661   10.273402
10.165143   9.961303
9.754537   9.370266
9.242500   9.039636
9.039148   8.837747
8.703642   8.529062
8.528574   8.354482
8.317420   8.112605
8.015562   7.763444
7.762957   7.524494
7.523031   7.328944
7.328457   7.135345
7.034889   6.830561
6.501882   6.300481
6.299993   6.068357
6.067870   5.891826
5.844036   5.647024
5.646536   5.344191
5.343703   5.166197
5.165709   4.969184
4.910666   4.706338
4.586375   4.431301
4.430814   4.275740
4.110425   3.932919
3.932431   3.751023
3.750536   3.618869
3.618381   3.404301
3.403813   3.248252
3.247764   2.973215
2.841548   2.638196
2.622591   2.432406
2.431918   2.251486
2.250998   2.059838
1.391751   1.187424
1.000165   0.795837
0.667584   0.394498
0.262831   0.078985
0.078498   -0.110712
-0.381361   -0.646645
-0.927534   -1.133324
-1.175262   -1.454688
-1.455176   -1.708756
-1.753620   -1.957460
-2.042312   -2.210065
-2.210552   -2.326126
-2.326614   -2.474861
-2.475349   -2.650904
-2.651392   -2.826948
-2.931793   -3.210244
